ASC_BIKE = -2.771133324759715
ASC_TRANSIT = -14.673272174567972
ASC_WALK = -0.162906485036201
B_COST = -0.0010514475611225662
B_DIST = -1.0860478386927956
B_EGRT_TIME = 0.5706840496682252
B_TIME = -0.012317965404618785
