ASC_BIKE = -2.6392858367734684
ASC_TRANSIT = -13.506132483740256
ASC_WALK = -0.031141443984085342
B_COST = -0.0007119091149361522
B_DIST = -1.0800011109887262
B_TIME = -0.008046054409270718
B_WAITT = 0.20138075921939802
