ASC_BIKE = -2.0311165328619096
ASC_TRANSIT = -6.171708754326218
ASC_WALK = 0.5770799890718387
B_COST = -4.924159014797707e-06
B_DIST = -1.056445440888792
B_TIME = 0.03351088076307593
